0.001516 0.339709 0.669066
0.724835 0.041131 0.238591
-0.012405 -0.058721 0.251412
0.480705 -0.070928 -0.122622
0.290981 0.042249 0.612062
-0.283478 0.042820 0.602273
0.182777 -0.055776 -0.005626
0.010760 0.085426 0.513648
-0.082673 -0.120221 -0.099474
0.448132 -0.020317 0.147280
-0.021372 0.088640 0.039683
0.287949 -0.098650 -0.264396
-0.222402 -0.059692 0.055797
0.620097 0.018877 0.085252
0.000884 0.102848 0.330594
-0.001802 0.261047 0.510183
0.089388 -0.113637 -0.142922
0.358987 -0.024666 -0.005626
-0.152576 0.034767 0.480814
0.018124 -0.074133 0.082912
0.170822 0.032489 0.501433
0.059933 0.060788 0.171537
0.002981 -0.030583 0.410902
0.232677 -0.020412 -0.144881
0.072668 0.028710 -0.065540
0.501410 0.006357 -0.000514
-0.069678 0.011823 0.145634
0.003007 0.024337 0.629908
-0.069210 -0.000227 -0.042444
0.032280 -0.111905 -0.034041
0.074227 0.011815 -0.189650
-0.163059 0.034264 0.600107
0.002660 0.183858 0.601060
-0.004236 0.175108 0.428142
0.162938 -0.030895 -0.247503
0.345559 -0.013716 -0.117251
0.074314 0.015912 0.047480
0.309347 -0.040970 0.093135
0.064437 0.025457 0.282080
-0.058878 0.046364 0.255830
-0.009668 -0.077858 -0.177902
0.094152 0.031888 0.426842
0.623735 0.009718 0.191723
-0.137650 -0.075606 -0.010044
0.186849 0.036063 0.608683
-0.068214 0.032066 0.548474
0.059846 -0.072400 -0.250795
-0.030737 0.062564 0.423464
0.296958 -0.093365 -0.165774
0.444406 -0.070148 -0.027370
0.147344 -0.042140 -0.100271
-0.000866 0.093145 -0.066979
0.273048 -0.036795 -0.050631
0.096405 0.032044 0.564588
0.542474 0.002606 0.139137
0.062185 -0.031701 0.198480
-0.062098 -0.025671 0.058396
0.007832 0.277680 0.599414
-0.051659 0.019998 0.345668
0.016010 -0.004923 0.504898
-0.021328 0.088502 0.141909
0.428899 -0.006733 0.051292
0.699365 0.022503 0.145201
-0.046421 -0.102808 0.005117
-0.022593 -0.065990 0.160362
0.014901 0.091343 0.239977
0.012926 0.171469 0.513388
0.018644 -0.043309 0.329295
0.064524 -0.037323 -0.120119
0.046678 0.075377 -0.144679
0.101863 -0.069888 -0.013596
0.415558 -0.003329 -0.064258
-0.214605 0.038341 0.533313
0.257541 -0.040710 0.030500
-0.004721 -0.084442 -0.099552
0.048930 0.074138 0.095214
0.069635 -0.018983 0.117046
0.113211 -0.055403 -0.189442
0.277986 -0.034222 -0.222189
0.052482 0.070092 -0.002940
0.053435 0.024065 0.361955
-0.069002 0.023808 -0.116038
0.243420 0.040629 0.553152
0.383331 -0.030782 0.109768
0.554689 0.002519 0.051812
-0.061508 -0.020222 0.210522
-0.070328 0.027012 0.476743
-0.061517 0.049041 0.084299
0.487549 -0.027187 -0.064293
0.066777 0.047784 -0.255040
-0.065286 0.040100 0.014820
0.015741 0.108176 0.397994
0.088175 0.035933 0.495195
0.485730 -0.008405 0.088370
0.020151 0.043782 0.565974
-0.001334 0.122695 0.568573
-0.079000 -0.063651 -0.063089
0.206774 -0.033633 -0.073459
0.107840 -0.039272 -0.281809
0.032947 0.055425 0.460109
0.071108 -0.012373 -0.013769
0.041653 -0.078725 0.021230
0.278419 -0.069715 -0.106500
-0.047079 -0.023601 0.292996
-0.131940 0.037986 0.542150
0.182344 -0.025333 -0.183629
0.000910 0.340229 0.599674
0.045725 -0.038926 0.264320
-0.054482 0.061767 -0.058792
-0.043368 0.074467 0.198826
0.110612 -0.106880 -0.085327
0.011133 0.092287 -0.193739
-0.221622 0.037735 0.615874
0.292973 -0.026494 -0.148387
0.444580 -0.011455 -0.009697
-0.011002 0.118277 0.468426
-0.050451 -0.066076 0.107343
0.055514 -0.084096 -0.083274
-0.035545 -0.106447 -0.053542
0.334643 -0.010294 -0.058896
0.250610 -0.085049 -0.210208
0.317750 -0.037184 0.035265
0.683685 0.020026 0.202811
0.465112 -0.053705 0.025042
0.434011 -0.057127 -0.083300
-0.060190 -0.041343 0.002518
-0.040370 0.068282 0.308936
-0.033959 0.005984 0.436805
0.146998 -0.070841 0.037257
0.052222 -0.078118 -0.169205
0.066517 0.043591 0.227328
-0.005414 0.218424 0.555578
-0.053886 -0.078378 -0.133678
0.038621 0.075281 0.297760
-0.025166 0.036540 0.510096
0.015014 -0.066943 0.202465
0.152802 -0.072487 -0.050267
0.154708 0.037605 0.562509
-0.084094 0.030119 0.422338
0.603810 0.006712 0.137577
-0.005813 0.207941 0.473364
-0.181078 -0.054632 0.018198
0.040267 0.008020 0.431521
0.003223 0.302717 0.546828
0.372502 -0.024831 0.047653
0.048930 0.074147 -0.084695
0.240301 0.039312 0.631901
0.058200 0.062988 -0.199188
0.461040 -0.020542 -0.119746
-0.060763 -0.032922 -0.103780
-0.029524 -0.028764 0.352425
0.041740 -0.061485 0.135065
-0.037702 -0.076992 0.051552
0.310040 -0.080804 -0.216289
-0.024473 0.087297 -0.013856
0.041393 0.055347 0.406657
-0.000883 0.093292 0.092529
-0.038923 0.078010 -0.107878
0.256674 -0.055862 -0.267688
0.072581 0.029078 -0.139495
0.066257 -0.028383 -0.222362
-0.022567 0.077872 0.374430
0.255202 -0.066163 -0.152363
0.063658 -0.033685 0.039683
0.653017 0.013851 0.125362
0.068596 -0.021651 -0.071059
0.003578 0.232025 0.621072
0.030235 0.086812 0.038990
0.048064 0.032366 0.525690
0.231378 -0.033052 -0.193566
0.003067 0.293707 0.649054
-0.066473 0.029589 0.207230
0.224707 -0.037782 -0.026157
0.000243 -0.083056 -0.008658
0.074314 0.007726 0.170238
0.304582 -0.046125 -0.012123
0.190747 -0.046463 -0.124026
0.037062 0.070543 0.356410
0.131318 0.035209 0.459416
0.120229 -0.058279 -0.140705
0.264991 -0.017753 -0.107938
-0.018383 0.069174 0.470505
0.036369 -0.020646 0.376336
-0.000580 -0.000990 0.550640
0.072494 0.029258 0.122503
0.108880 -0.058037 -0.065229
0.024327 0.089316 0.187911
-0.267191 0.042959 0.647668
-0.064549 -0.020066 0.108902
0.475854 -0.079331 -0.074810
-0.000866 -0.019598 0.460196
0.489369 -0.036812 -0.016888
0.428813 -0.014392 0.104571
0.479233 0.003550 0.043408
0.002556 0.066272 0.603139
0.015560 0.156655 0.466087
-0.030589 0.081995 0.264060
-0.041964 0.002571 0.391583
0.532598 0.007526 0.091836
-0.092644 -0.070148 -0.019660
0.400137 -0.005910 0.002345
0.493700 -0.007539 0.133332
0.059326 -0.053255 0.088717
0.031820 -0.075519 -0.209922
-0.058676 0.020341 0.294642
-0.059435 -0.031467 0.154904
-0.056206 0.059376 0.157936
0.051269 -0.019234 0.308849
0.074227 0.003845 -0.263270
-0.006202 0.130406 0.513561
-0.030598 -0.057994 0.210002
0.061492 0.058406 0.054324
0.067296 -0.008327 0.239544
0.309867 -0.028643 -0.091513
-0.004877 0.171296 0.554538
0.117890 -0.030869 -0.226624
0.301030 -0.053818 -0.266389
0.579639 0.004477 0.096600
0.027705 -0.080977 -0.132323
-0.133638 -0.053489 -0.048249
-0.118183 0.035306 0.452919
0.375534 -0.006317 -0.042531
0.227653 -0.059163 0.057356
0.001490 0.148945 0.389764
-0.006861 -0.070408 0.119645
-0.012968 0.062191 0.544142
0.289335 0.041824 0.655725
-0.245446 0.044033 0.563721
0.082024 -0.077165 -0.117052
0.021728 0.090442 0.136105
0.007122 0.092842 -0.144668
0.065737 -0.053662 -0.042444
0.379086 -0.005884 -0.086852
-0.006991 0.261393 0.562509
0.070502 -0.016072 -0.156929
0.121701 0.029799 0.530021
-0.049348 -0.084009 -0.087259
-0.069678 0.015912 0.055710
0.072668 0.028588 -0.004413
-0.060218 -0.011819 0.251672
0.577300 0.003221 0.169978
0.441114 -0.057283 -0.124970
0.199410 -0.028824 -0.221764
0.018661 -0.116843 -0.073320
0.018852 0.091256 -0.030143
0.142233 -0.032836 -0.165540
-0.172588 0.033141 0.550467
0.006281 0.009484 0.591097
-0.068560 -0.004100 0.018891
-0.104235 0.031958 0.572471
0.146478 -0.075866 -0.005712
0.227999 0.037311 0.591357
0.047977 0.026153 0.484973
0.065824 -0.053662 -0.001554
0.156874 -0.046090 -0.210086
0.449604 -0.022249 -0.050579
0.017673 0.085547 0.431694
0.300943 -0.050075 -0.180484
0.203396 0.034903 0.550380
0.232851 -0.041698 -0.103451
-0.068248 0.027663 -0.075148
0.052396 -0.117363 0.000265
-0.011582 0.122089 0.423897
0.721803 0.029353 0.194495
0.059673 0.060615 -0.045130
-0.000589 -0.080457 0.031020
0.012536 0.224142 0.513908
-0.054818 -0.078811 -0.027630
-0.036784 0.079691 0.080227
0.043386 -0.056417 0.174309
0.495953 -0.042105 -0.099708
0.343220 -0.029621 0.077021
-0.107216 0.029078 0.513648
0.018834 0.091256 -0.107869
-0.056206 0.059376 0.047480
0.234237 -0.056365 -0.058610
-0.006454 0.089740 0.293082
0.057594 0.039866 0.317079
0.064264 0.024693 0.403452
0.206861 -0.051756 0.023916
0.018557 -0.051245 0.288318
-0.060611 -0.037262 -0.038373
0.263778 -0.028651 -0.172921
-0.000649 -0.084962 -0.046603
0.076566 -0.060705 -0.197715
-0.196932 0.035316 0.583214
0.518130 -0.002610 0.043495
-0.001481 0.120356 0.365247
0.074314 0.007726 0.084299
0.035502 0.084317 -0.221340
0.482611 -0.074220 -0.038286
0.003136 0.093396 0.010748
-0.015888 0.032319 0.566580
-0.008871 0.092036 0.211042
0.264904 0.045740 0.583387
-0.062834 0.046164 -0.021999
-0.064125 0.043357 0.121117
0.667051 0.024051 0.163654
0.066777 0.047784 -0.107860
0.062445 -0.069022 0.055277
0.072668 0.011832 0.206970
0.397019 -0.016921 0.078321
-0.176660 0.033165 0.513735
0.088608 -0.055161 -0.234421
0.118149 -0.104368 -0.121903
0.074054 0.011815 -0.226451
0.042779 0.075299 0.261202
0.062878 0.036436 0.450493
-0.033838 0.023440 0.475270
0.183903 -0.053991 -0.044350
0.460433 -0.033607 0.055190
0.277813 -0.103415 -0.225931
0.090340 -0.061918 -0.161087
0.007676 0.093284 0.548647
0.256848 -0.033312 -0.010564
-0.044852 0.048460 0.366633
0.411919 -0.015544 -0.030143
-0.018314 -0.118835 -0.010217
-0.020557 -0.047563 0.292476
0.141627 -0.073960 -0.085102
0.013108 0.085547 0.468426
0.254335 -0.088947 -0.255040
0.727694 0.006617 0.231140
0.327626 -0.017146 -0.020180
0.017691 0.126161 0.448414
0.129931 0.039849 0.497361
0.043992 -0.049027 0.222997
0.083756 -0.113897 -0.106777
-0.001672 0.331132 0.635280
0.052222 -0.081497 -0.026157
0.073880 0.000007 -0.120136
-0.070562 0.034752 0.513735
0.109140 -0.064084 -0.099526
-0.049948 0.035942 0.444342
-0.058976 0.054576 -0.128309
0.050403 0.071435 0.214767
-0.168517 -0.056954 -0.013856
-0.056319 -0.072834 0.022876
0.258060 -0.092932 -0.177556
-0.067772 -0.007764 0.178381
0.008135 0.220416 0.587112
-0.042138 -0.041603 0.250632
0.454196 -0.004567 0.074336
0.020498 0.058631 0.532534
0.171082 -0.041585 -0.075754
-0.004080 0.310254 0.579229
0.471002 -0.005027 -0.030143
0.052222 -0.004749 0.339517
-0.054014 0.034931 0.407523
0.051876 -0.118835 -0.067212
0.291847 -0.070321 -0.141615
-0.015541 -0.074826 0.082046
0.469356 -0.020889 0.018891
0.133137 -0.027872 -0.262317
-0.037979 0.077248 0.231833
0.151070 -0.036162 -0.132892
-0.069678 0.015912 -0.009697
0.175067 0.041599 0.534093
0.632572 0.010255 0.153951
0.179485 -0.027707 -0.149097
0.067903 0.044891 0.024089
0.011678 0.247186 0.537732
0.288902 -0.038397 0.018978
0.074227 0.003836 -0.042444
-0.009001 0.195813 0.517980
0.303196 -0.012910 -0.120075
-0.021328 0.088502 0.178728
-0.061292 -0.028894 -0.071068
0.595666 0.009978 0.065066
-0.026474 0.077941 0.341770
0.297738 -0.016982 -0.063288
-0.016581 -0.031484 0.382487
0.019796 -0.108613 -0.002160
0.029585 0.047949 0.501086
0.251823 -0.058314 -0.189702
-0.013783 -0.116670 -0.077158
0.464765 -0.013092 -0.082858
0.439988 -0.043699 -0.008918
0.040094 0.081094 -0.176014
0.243939 -0.025740 -0.077548
0.068596 -0.021660 0.072083
0.211452 -0.039983 -0.169118
0.014078 0.130492 0.484886
-0.146685 0.031882 0.572471
0.313852 -0.036136 -0.042184
-0.001282 0.263473 0.626790
0.071108 0.035968 0.153864
0.461300 -0.011992 0.108816
-0.013133 -0.008102 0.487398
0.282144 -0.045900 -0.079826
0.125686 -0.065037 -0.034214
-0.010638 0.146519 0.444342
-0.139928 0.040031 0.509576
0.389568 -0.030990 0.018891
-0.069591 0.003723 0.088457
0.202789 0.037544 0.518846
0.061492 0.058406 0.127961
-0.001559 0.154922 0.581394
0.020619 -0.078811 -0.162993
0.060626 -0.012927 0.274196
-0.254456 0.039710 0.618993
0.433924 -0.049495 -0.050735
-0.041263 0.076165 0.018891
-0.012613 0.091620 -0.173294
-0.041263 0.076165 0.121117
0.064957 -0.032740 -0.189650
0.033111 -0.015717 0.407090
-0.051408 0.043695 0.325223
0.035849 -0.083576 -0.058965
0.006290 0.198758 0.445642
0.101170 0.027185 0.460542
-0.011244 0.089619 0.448067
-0.017135 0.065405 0.501519
0.033042 0.085599 -0.060498
-0.018062 0.006184 0.514601
0.182950 0.033759 0.574984
0.468230 -0.072660 -0.007618
0.074314 0.011823 -0.091513
-0.049295 -0.045215 0.188950
0.073187 -0.003277 0.023310
0.039921 0.080887 0.159322
-0.026804 -0.015249 0.415580
-0.046592 -0.014496 0.322451
-0.009694 0.173982 0.469379
0.249137 -0.061571 -0.238406
0.023131 -0.016193 0.439577
-0.012613 0.091620 -0.099682
0.022109 0.020436 0.546135
0.077172 -0.063824 -0.075382
0.424134 -0.015362 0.018978
0.347378 -0.020222 0.030673
0.033908 0.008523 0.464268
0.013931 0.036436 0.603312
-0.103274 0.038688 0.484973
0.361759 -0.021677 -0.066953
-0.069210 -0.000227 -0.087424
-0.063007 0.016250 0.263194
0.303716 -0.051427 -0.211498
0.065910 -0.027473 0.145981
0.029767 0.075100 0.385519
0.232504 -0.042798 0.010488
0.015508 -0.060965 0.239977
-0.212612 -0.049382 0.027554
-0.039140 0.030410 0.540417
0.469616 0.004364 -0.001467
0.010093 0.150851 0.538165
-0.065701 -0.016575 -0.013769
-0.036905 0.079968 -0.075157
-0.005709 -0.082017 -0.129529
0.295226 -0.037696 0.055190
-0.060504 -0.053679 0.047567
0.400311 -0.010978 0.043062
0.003119 0.093258 0.162008
0.044425 0.065778 0.327735
0.089994 -0.050543 -0.128675
-0.048806 -0.049200 0.133246
0.019198 -0.069022 0.162008
-0.025357 -0.083576 -0.029016
0.653277 0.012690 0.194668
-0.025426 -0.079504 -0.152658
0.265078 -0.032844 -0.140555
0.065304 -0.070495 -0.140504
0.069722 0.020009 0.247600
-0.003084 0.302284 0.611629
0.059933 0.060788 -0.167836
-0.017101 0.081814 0.403192
-0.053147 0.051787 0.284246
0.033129 -0.083056 -0.102333
0.624428 0.010151 0.112974
0.525754 0.008471 0.015773
-0.033665 -0.082363 -0.112001
0.437562 -0.033052 -0.099674
0.555642 0.009432 0.112627
0.448825 -0.000478 0.030847
-0.056088 -0.049599 0.083952
0.021728 0.090442 0.066626
0.047111 0.004035 0.390890
-0.066109 0.037467 0.174309
0.150203 0.030881 0.521878
-0.113869 -0.065903 0.003557
0.190747 -0.033667 -0.097984
0.321735 -0.032212 0.006676
0.122914 0.031820 0.576283
0.019536 -0.077165 0.051552
0.003604 0.234884 0.478129
0.066257 0.047343 0.198653
0.076739 0.028659 0.525950
-0.103101 0.029897 0.542237
0.067123 -0.024623 -0.250968
0.016573 -0.037453 0.363861
-0.056206 0.059376 -0.087424
-0.090652 0.026940 0.452399
0.108707 -0.049244 -0.254867
0.114078 -0.039394 -0.161434
-0.003725 0.067641 0.570739
0.062965 0.055807 -0.226451
0.010951 0.090919 0.268219
0.009365 0.122262 0.542150
0.286822 -0.025402 -0.020353
0.454889 -0.078725 -0.094112
0.344779 -0.008258 -0.089399
0.061059 -0.072920 -0.218109
-0.008490 -0.043327 0.337438
0.510767 0.000994 0.112541
0.268976 0.040750 0.636319
0.505049 -0.005131 0.068272
0.151503 -0.067462 -0.111603
0.059933 0.011919 0.317426
-0.012847 -0.068935 0.186438
-0.037052 0.059844 0.390977
0.227999 -0.062611 -0.013769
-0.041496 -0.110259 -0.023212
0.042606 0.039918 0.431607
-0.066732 0.004841 0.221437
0.467970 -0.046186 -0.111603
-0.213652 0.043912 0.562768
0.007226 0.250131 0.596295
-0.066949 -0.074393 -0.003113
-0.258354 0.038809 0.591357
0.067296 -0.024424 -0.038373
-0.049105 0.068697 -0.013769
0.208247 -0.024458 -0.132806
0.369556 -0.025948 0.084125
0.280758 -0.073180 -0.256859
0.162592 -0.059544 0.012654
0.310386 -0.075693 -0.252614
0.162938 0.034952 0.595169
-0.049339 -0.083316 -0.058974
0.064611 -0.045484 -0.091513
0.680046 0.020539 0.125795
0.495000 -0.060099 -0.079012
-0.006636 0.105889 0.501346
-0.010829 0.142794 0.480641
-0.058984 0.050487 0.223257
-0.012076 -0.114590 -0.042184
-0.015325 0.090286 0.239717
0.283270 -0.040892 -0.250275
-0.012631 0.091620 0.068012
-0.073628 -0.071014 -0.090932
0.052742 0.070014 -0.248283
0.007087 0.275688 0.531148
0.559627 0.013478 0.076069
0.267070 -0.092239 -0.152060
0.152976 0.031540 0.481247
-0.155348 -0.058825 0.011354
0.580072 0.003749 0.125276
0.121615 -0.066683 0.004337
-0.040734 -0.117189 -0.077591
0.126293 -0.032506 -0.193999
-0.004089 0.199971 0.574984
0.170649 -0.025151 -0.222561
-0.009555 0.113686 0.391410
0.134783 -0.052362 -0.063453
0.138421 -0.044843 -0.236067
0.054561 0.067658 0.027121
0.013931 0.183424 0.477002
0.162072 -0.049530 -0.152978
0.285869 -0.033503 -0.103745
0.499158 -0.004680 0.023396
0.442847 -0.071881 -0.061581
0.056641 -0.042149 0.125189
0.645826 0.018070 0.099892
-0.156908 0.040663 0.529588
-0.044892 -0.007790 0.348960
0.387402 -0.019719 -0.021913
0.101170 -0.069195 -0.042444
0.020281 -0.082277 -0.031096
0.705169 0.028315 0.174309
0.064264 0.053060 0.097467
-0.146945 -0.072660 -0.034301
0.039921 -0.075952 0.067838
-0.127609 0.029464 0.489131
-0.032088 0.083486 -0.136499
0.071628 -0.008405 0.190510
-0.008524 0.159081 0.505418
-0.007528 0.146433 0.415840
0.065217 -0.061831 0.023050
0.248618 0.043583 0.607731
0.020047 -0.008111 0.478475
0.074314 0.011823 0.141563
-0.007112 0.220157 0.497534
-0.285643 0.042257 0.629562
0.064091 0.041616 0.261895
0.269756 -0.021643 -0.071284
-0.059813 0.051596 0.194668
-0.020852 -0.100816 0.007716
0.024249 0.089091 0.093828
0.442327 -0.026737 -0.074568
0.253902 -0.041464 -0.034474
0.056814 0.061827 0.242142
0.269496 -0.101422 -0.201995
-0.116026 -0.065643 -0.034561
0.154795 -0.055360 -0.018187
-0.065286 0.040100 -0.046516
0.240128 -0.020768 -0.120630
0.119276 -0.046342 -0.114540
0.600691 0.006374 0.181760
-0.020739 0.084023 0.313181
0.170562 -0.052198 -0.099578
-0.009434 0.098040 0.356497
-0.032357 -0.066509 0.124929
-0.011634 0.036410 0.591097
0.024110 0.012369 0.521358
-0.004894 0.092807 -0.038373
0.305275 -0.053757 -0.241439
0.088608 -0.038033 -0.196303
0.444406 0.000501 -0.041318
-0.234097 0.043678 0.587199
0.445793 -0.028391 0.092529
0.351103 -0.010285 -0.038546
-0.005613 0.285997 0.567100
0.392254 -0.034317 0.059782
0.015967 0.124255 0.423550
-0.172848 0.038792 0.574810
0.028026 -0.071101 0.116526
0.009027 0.048382 0.627136
0.277639 -0.029760 -0.193618
0.396759 -0.017051 -0.049947
0.487029 -0.030557 -0.119885
0.033683 0.063136 0.430481
0.057507 -0.030817 0.235385
0.011687 0.209501 0.539897
-0.069678 0.007726 0.112974
-0.066776 0.034364 0.039336
-0.012379 -0.062698 0.226895
0.113471 -0.053064 -0.214158
0.371895 -0.013560 0.018891
-0.080836 -0.097351 -0.090057
0.064611 -0.030254 0.170584
0.037755 0.082870 -0.121496
-0.197279 0.036262 0.611716
-0.021372 0.088640 0.011094
0.066777 -0.075259 -0.054434
0.283790 -0.053402 -0.124286
-0.034540 0.081814 -0.050622
-0.037693 -0.079851 0.002431
0.060106 -0.077685 -0.002160
0.071108 0.035968 -0.193739
0.228346 -0.019884 -0.169153
0.109486 0.028743 0.505504
-0.064549 -0.020066 0.084299
0.000009 0.318657 0.656418
0.073880 0.036375 0.472498
0.534937 0.010818 0.063853
0.025947 0.075359 0.410642
0.144312 -0.059674 -0.134979
0.421016 -0.011966 0.079707
-0.005466 0.102363 0.530021
-0.007069 0.085357 0.485059
0.074314 0.011823 -0.165124
0.049017 0.073982 0.070697
0.040094 0.081112 -0.036987
0.403776 -0.019737 0.101712
0.096925 -0.093279 -0.105634
0.698932 0.020380 0.221957
0.316711 -0.036942 0.066886
0.070155 0.039563 -0.038373
0.042260 0.079215 0.129001
0.171082 -0.046108 -0.177357
-0.040587 0.016068 0.415320
0.231031 -0.054676 -0.082737
0.018557 0.087150 0.304951
-0.102693 -0.067376 -0.058731
0.041740 -0.055065 0.198566
-0.000883 0.093292 -0.013856
0.250350 -0.058773 -0.214262
0.013862 0.101185 0.362648
0.035502 0.084317 -0.012816
-0.025435 -0.084442 -0.083300
0.014979 0.091083 0.215200
0.058027 -0.080111 -0.115986
-0.066498 -0.013560 0.140263
0.476027 -0.042244 0.002518
-0.067122 -0.010649 -0.110589
-0.032669 -0.078378 0.027988
-0.049102 -0.072314 0.079794
0.224014 0.036384 0.566840
0.035589 -0.037427 0.306597
0.059933 0.060788 -0.126945
0.072494 -0.006092 -0.205616
0.308307 -0.070148 -0.169534
0.037235 -0.096744 -0.015242
0.601384 0.007197 0.106996
-0.008628 0.228560 0.534093
0.211192 -0.050820 -0.001467
-0.068864 -0.057777 -0.110286
-0.000606 -0.006084 0.525430
0.012484 0.170776 0.444689
-0.048486 0.027571 0.508017
0.548192 0.008566 0.029634
0.202356 -0.037540 -0.199742
0.322515 -0.011732 -0.079393
0.203309 0.035412 0.587285
0.097184 0.029508 0.538165
0.007252 -0.049556 0.309369
0.444406 -0.020265 0.123803
-0.004089 0.236790 0.574984
-0.041263 0.076156 0.145634
-0.010872 0.179353 0.493289
-0.016529 0.012265 0.537472
0.011323 -0.077339 -0.193678
0.015508 0.072605 0.494329
-0.012631 0.091620 0.112974
0.074227 0.003845 0.112974
0.316017 -0.017372 -0.139393
-0.078289 -0.072227 -0.038286
0.064351 -0.030150 0.096947
0.067296 -0.024432 0.014820
0.568290 0.006989 0.145374
-0.028753 0.004694 0.459676
0.310040 -0.073613 -0.193929
-0.014173 -0.020716 0.434553
0.011782 0.148165 0.511309
0.077519 -0.044825 -0.174030
0.207987 0.037588 0.618559
0.065390 -0.037323 -0.148759
-0.046697 0.033438 0.385432
0.104028 -0.074133 -0.124130
-0.052627 0.064167 0.104744
-0.125270 -0.061918 -0.072948
0.070502 -0.016072 -0.103771
0.345299 -0.029682 0.051725
0.072668 0.024836 0.431867
0.485210 -0.073094 -0.095489
0.071888 0.032144 -0.238753
-0.014372 -0.099170 -0.059372
0.050750 0.071643 0.191636
0.428899 0.000102 -0.022086
0.577214 0.007882 0.051378
-0.054482 0.061767 0.133419
-0.006592 0.171469 0.525603
0.272355 -0.073353 -0.128401
0.080724 -0.073353 -0.021999
-0.138715 -0.074393 0.014560
0.203742 -0.041447 -0.034821
0.066170 0.027557 0.498920
0.052742 0.043106 0.349133
0.087915 -0.050006 -0.277911
0.223841 -0.040693 -0.128299
0.002443 0.166704 0.407870
0.047631 -0.103675 -0.048942
-0.029844 0.053701 0.458117
-0.008845 0.091958 -0.128311
0.009937 0.183598 0.542237
0.471262 -0.009982 0.129867
-0.005665 0.021681 0.607471
0.487982 -0.064517 -0.018447
0.441981 -0.029847 -0.030576
0.025271 0.081476 0.340383
-0.033240 -0.060619 0.181067
0.060539 -0.003164 0.294642
0.229558 -0.048707 0.032146
0.052396 0.058172 0.303218
0.062965 0.055807 -0.066970
0.073707 0.023583 0.100672
-0.197019 0.034842 0.550467
0.258580 -0.051150 -0.169378
0.015334 0.114465 0.469032
-0.056086 -0.011715 0.276102
0.090340 -0.033693 -0.240919
-0.049345 -0.037063 0.229841
0.043992 0.034338 0.464441
0.486336 -0.003762 0.112454
0.207554 -0.044782 -0.107852
0.172295 -0.033788 -0.122536
0.292973 -0.099430 -0.242565
-0.066741 0.034550 0.141563
0.232331 -0.030107 -0.058948
0.398924 -0.014305 -0.074308
0.456188 -0.073700 -0.123792
-0.050930 0.066350 0.068012
0.276860 -0.015968 -0.160048
0.223927 0.042621 0.542496
0.461386 -0.079678 -0.042358
0.001291 0.204476 0.609376
0.200710 -0.049469 -0.059017
0.611433 0.007093 0.162268
-0.044432 0.056413 0.342116
-0.019180 0.040247 0.546048
0.219423 -0.055897 -0.041058
0.475594 -0.019815 -0.101025
0.111392 -0.116063 -0.141408
0.210499 -0.041646 -0.146637
-0.036324 0.075611 0.284506
0.020151 -0.100989 -0.057891
0.158953 -0.027655 -0.198010
0.115984 -0.118489 -0.103381
0.156961 -0.058340 -0.072722
-0.060833 -0.061745 -0.050614
0.276860 -0.038328 0.040896
0.268630 -0.033797 0.008062
0.010301 -0.070581 0.141909
-0.060141 -0.045510 0.027121
0.468403 -0.016861 0.043408
0.187022 -0.044583 -0.160975
0.720850 0.031698 0.219185
0.472562 -0.018593 -0.050778
0.141713 -0.065123 0.016379
0.027697 -0.084616 -0.079289
-0.234444 0.039667 0.633547
0.253036 -0.027023 -0.050934
-0.058151 0.024216 0.427795
0.018834 0.091256 -0.173294
-0.028224 -0.047797 0.272031
0.012302 0.129626 0.399986
0.008707 0.150937 0.562595
0.046764 0.048131 0.386818
0.052569 0.024640 0.383700
0.134869 -0.049824 -0.212018
0.252689 -0.017406 -0.152831
-0.014017 0.097789 0.428142
0.137555 -0.053567 -0.161148
-0.056206 0.059376 0.018891
-0.026154 -0.037574 0.326262
0.445793 -0.019754 0.047220
0.011185 0.092573 0.047567
-0.053855 -0.004576 0.304604
-0.104028 -0.116670 -0.089624
0.023608 -0.080717 -0.009784
0.086442 -0.057924 -0.093947
-0.030511 -0.053870 0.234519
0.015932 0.097303 0.450580
0.011964 0.006695 0.566320
-0.030520 -0.018186 0.392016
0.334210 -0.023930 -0.099596
0.157740 0.031572 0.541977
-0.036836 0.079838 0.051638
0.009721 0.253163 0.574810
0.011427 0.097685 0.493289
-0.036844 0.079648 0.166253
0.036282 -0.074046 0.097034
0.058633 -0.024164 0.255830
0.034723 0.083693 0.207056
0.051183 0.064513 0.277575
-0.140534 -0.056140 -0.022432
-0.029723 -0.084182 -0.050648
0.454802 -0.046316 0.006156
0.291674 0.045151 0.634846
0.129065 0.036262 0.556444
0.101516 -0.030869 -0.263357
0.306401 -0.019988 -0.026504
0.134523 -0.060012 -0.014202
0.030365 0.083330 0.276362
0.362712 -0.019347 -0.091366
0.051183 -0.064430 0.116353
0.277379 -0.100296 -0.169681
-0.083660 0.036210 0.492336
0.027342 0.041244 0.522744
-0.082681 0.029048 0.530021
0.290894 -0.021513 -0.040712
0.034402 0.083546 0.243702
0.167530 -0.046082 -0.055006
-0.055200 -0.038709 0.106130
-0.069479 0.019890 0.018891
0.133570 -0.037938 -0.147087
-0.001897 0.310341 0.632247
0.051269 0.022577 0.419825
-0.000875 0.093162 0.182626
0.269236 0.044752 0.611542
0.035935 -0.050127 0.249506
0.441201 -0.020872 0.071910
0.066777 0.047784 -0.152848
0.047891 -0.006690 0.359962
0.514838 -0.004463 0.092702
-0.017265 -0.077598 0.043408
0.011384 0.118364 0.501779
0.491968 -0.053246 -0.122631
0.009573 0.298126 0.595255
0.040094 0.081112 0.020277
0.151416 -0.074566 -0.025984
0.492747 -0.037115 -0.037506
0.231724 -0.037401 -0.156963
0.105414 0.028000 0.485059
-0.013471 0.118450 0.444342
0.281538 -0.014816 -0.120275
0.129585 -0.060012 -0.099552
-0.063458 -0.073960 -0.072376
0.620963 0.018503 0.137231
0.133743 -0.051973 -0.189520
-0.003629 0.175454 0.574897
-0.069479 0.019890 -0.095602
-0.067555 0.030866 0.092442
0.283704 0.045749 0.592310
0.068249 -0.073094 -0.095507
-0.042094 -0.006179 0.369492
0.318270 -0.010606 -0.099752
0.066777 0.047784 -0.009697
0.649292 0.012040 0.174309
0.433664 -0.053367 -0.103685
-0.047421 0.070855 -0.034301
0.010708 0.281752 0.579055
0.211279 -0.029968 -0.093930
0.071974 -0.009064 0.056056
0.195945 -0.024865 -0.161252
0.013532 0.200058 0.521618
-0.054167 0.035273 0.464527
0.071801 -0.009038 -0.185214
0.023772 -0.028530 0.390630
0.044079 0.031307 0.505504
0.138768 -0.029682 -0.210208
0.678487 0.015930 0.178728
-0.067166 -0.004065 0.199086
-0.006159 0.256889 0.534353
0.284657 -0.029734 -0.173181
0.312812 -0.048672 0.015166
0.252863 -0.037011 -0.103797
0.072494 -0.056200 -0.250881
-0.064549 -0.020066 0.031193
0.072494 0.029270 -0.261884
0.478020 0.000821 0.071737
-0.060162 0.031791 0.276276
-0.002018 0.289982 0.628002
0.027021 0.087886 -0.144669
-0.064549 -0.020066 0.006676
0.345732 -0.017718 0.010401
-0.007025 0.040464 0.615527
-0.000753 -0.071188 0.166079
0.092766 -0.059440 -0.181255
-0.060510 -0.028287 0.186438
0.011167 0.092573 0.109162
0.040007 -0.073700 -0.234595
0.467884 0.003593 0.018891
-0.060388 -0.037262 -0.017927
-0.056206 0.059376 -0.107869
-0.069678 0.011823 0.166079
-0.192947 0.034328 0.526036
0.182690 -0.039177 -0.213855
0.677794 0.016631 0.145721
0.012553 0.211926 0.497534
0.243853 -0.033104 -0.173406
-0.017248 -0.079331 0.014646
0.493094 -0.062005 -0.050822
0.109400 0.032353 0.440357
0.011358 0.265638 0.554798
0.471436 -0.017441 -0.014029
-0.008412 0.011633 0.577236
-0.069678 0.015912 -0.030143
0.258840 -0.096138 -0.225065
-0.024413 0.067207 0.443996
0.072494 0.029270 -0.212824
0.035502 0.084317 -0.098669
0.389915 -0.035201 0.039683
-0.053041 0.060814 0.239630
-0.004686 0.318484 0.599587
0.592201 0.010662 0.153691
0.347378 -0.013369 -0.017841
0.220635 -0.024458 -0.116593
0.216564 -0.026884 -0.211195
0.538402 -0.001631 0.108902
0.011332 -0.083230 -0.111767
0.073880 -0.000019 -0.242825
0.057853 0.027943 0.333366
0.464938 -0.034984 0.035265
0.011089 0.159081 0.424417
0.001889 0.327667 0.570998
-0.012709 -0.099516 -0.011603
0.073534 0.023563 -0.107869
0.062965 -0.069195 -0.185543
0.001568 -0.058063 0.265880
0.134783 -0.048516 -0.083924
0.274434 -0.049512 -0.099743
0.256241 -0.038874 -0.066814
-0.083193 0.031361 0.561815
0.264385 -0.034282 -0.119980
-0.004608 -0.067116 0.206537
0.048237 0.024315 0.444169
0.007537 0.336677 0.618386
0.600344 0.018201 0.088457
-0.005674 0.132571 0.533920
-0.086944 0.038419 0.472757
-0.024473 0.087297 -0.034301
0.195339 -0.048906 -0.079237
0.513019 -0.005131 0.137577
-0.038178 0.044085 0.423377
0.271402 -0.056651 -0.145788
-0.066897 0.033800 0.063940
0.052396 -0.097004 -0.068495
-0.115376 0.028633 0.472844
0.379346 -0.005295 -0.066996
0.030122 0.086552 0.112627
-0.123840 0.033767 0.574724
0.014061 0.060207 0.575157
-0.050906 0.066332 0.182453
-0.027115 0.085608 0.215113
0.081591 -0.048681 -0.149305
0.455582 -0.031571 -0.008658
-0.029541 0.042379 0.478822
0.436003 -0.000990 0.012480
0.441288 -0.008882 0.088630
0.296785 -0.054320 -0.152051
0.054128 0.067320 0.153864
0.083930 -0.099256 -0.092102
0.163025 -0.028547 -0.173571
-0.093086 -0.069802 0.000005
0.022230 0.071669 0.457424
-0.005934 0.074095 0.530195
0.021191 0.082143 0.369319
-0.086467 -0.058617 -0.082919
0.306401 -0.023722 -0.001987
0.049017 0.036860 0.404578
0.010431 0.199798 0.464701
0.072754 -0.006222 -0.140237
0.335856 -0.025221 -0.074992
0.063744 0.031826 0.540071
0.462686 -0.023843 0.071824
-0.119751 0.037596 0.525776
0.175153 -0.050041 -0.022519
0.117716 0.038454 0.472844
0.447785 -0.061398 -0.007618
0.054475 0.067511 -0.021999
0.641495 0.021825 0.141389
0.322688 -0.015587 -0.038719
0.031933 -0.033858 0.339430
0.395199 -0.009046 0.020624
-0.062098 -0.025662 -0.121496
0.056467 -0.042105 0.157936
0.273308 -0.046567 -0.269594
-0.050255 0.065683 0.215546
0.415991 -0.015864 -0.001554
-0.009945 0.103861 0.374690
0.065217 -0.034447 -0.022259
0.073187 -0.003277 0.002864
0.065910 0.004243 0.267872
0.047891 -0.110345 -0.023212
-0.005120 0.131099 0.385172
0.190661 -0.042313 -0.185223
0.187109 0.040299 0.508537
0.006593 0.244414 0.494242
-0.068560 -0.004100 -0.128316
0.157307 -0.041793 -0.228530
-0.000502 0.076754 0.554452
0.056381 0.065293 0.110202
0.004748 -0.013265 0.490777
0.451077 -0.061571 -0.109480
0.292540 -0.042928 -0.230523
0.084363 -0.096917 -0.135694
-0.169816 0.035123 0.496235
0.065564 -0.049564 -0.071059
0.010214 0.248745 0.517980
0.456448 -0.017762 -0.030056
0.660294 0.023643 0.145634
0.481312 -0.006820 0.010748
0.269669 -0.100989 -0.242738
0.240907 -0.023670 -0.096018
0.301550 -0.094145 -0.206119
0.032210 0.015921 0.484799
0.303369 -0.083489 -0.268208
-0.005613 0.289982 0.585466
-0.004851 0.191741 0.550467
0.383071 -0.017346 0.061254
-0.068890 0.015921 0.194581
0.101343 -0.033832 -0.218264
0.019562 0.087627 0.395048
-0.035787 -0.099343 -0.074654
0.100736 -0.067376 -0.083101
0.259100 -0.047936 -0.250881
0.412612 -0.011212 0.059349
0.265857 -0.093192 -0.269161
-0.000476 -0.079418 0.051465
-0.103889 -0.065297 -0.084227
0.008958 0.285391 0.550900
0.015109 0.150851 0.448327
-0.025712 -0.072747 0.108642
-0.066490 -0.013621 0.160708
0.072754 -0.006222 -0.087077
-0.049322 0.028098 0.362301
0.487549 -0.027187 -0.088767
0.252256 -0.075433 -0.267688
0.289508 -0.042053 -0.200964
0.559454 0.001852 0.164953
0.146392 0.032632 0.587025
0.011592 0.120270 0.383959
0.089128 0.035509 0.513735
0.064178 0.053320 0.007976
0.019519 0.025305 0.564501
0.284743 -0.040953 -0.156574
0.130105 -0.041585 -0.128812
0.039834 0.080774 0.179767
0.317663 -0.029067 -0.058878
-0.045793 0.026560 0.489044
0.044079 -0.079331 -0.152649
0.293147 -0.033286 -0.054789
0.007191 -0.024744 0.435852
-0.062470 0.034404 0.497188
0.059933 0.060762 0.077281
-0.242241 0.043713 0.603659
0.539182 -0.001518 0.156723
-0.045529 -0.033173 0.266573
0.092246 -0.062698 -0.059052
0.105588 -0.045614 -0.136980
-0.152316 -0.051236 -0.038286
0.285436 -0.017311 -0.079722
0.505049 0.007448 0.051465
0.017552 0.086726 0.324616
0.088954 -0.116756 -0.089442
0.530259 -0.001839 0.076242
-0.033942 -0.037228 0.299493
0.018852 0.091256 -0.009697
0.111479 -0.097784 -0.140502
0.285350 -0.091460 -0.151610
0.138075 0.030429 0.538165
0.003284 0.277247 0.641084
-0.029515 -0.076039 0.067838
-0.115463 0.035795 0.558610
-0.018591 0.089844 -0.054365
0.088694 -0.064430 -0.140436
0.067729 0.044874 0.114360
0.154535 0.040672 0.501693
0.170822 0.032629 0.554625
-0.007381 0.191481 0.464874
0.071715 -0.008700 -0.058636
0.076653 0.026077 0.456384
0.420496 -0.005590 0.035178
-0.055429 0.027961 0.316993
0.693821 0.018594 0.162094
0.007122 0.092842 -0.083326
-0.025288 0.050427 0.495195
-0.004080 0.138636 0.558610
-0.180732 0.034309 0.591357
0.060886 0.042457 0.287365
-0.069479 0.019890 -0.058792
-0.004894 0.092807 0.129347
0.097011 -0.091113 -0.123645
0.244373 0.043929 0.587285
-0.229852 0.036964 0.570912
0.083583 -0.114244 -0.124892
0.066430 -0.015847 0.223083
0.040787 -0.000063 0.415320
0.477587 -0.021573 -0.033435
-0.064549 -0.020066 -0.042444
0.010440 0.109986 0.525950
0.059759 0.060710 -0.090135
0.009963 0.073090 0.538771
0.194906 -0.029777 -0.118481
0.426387 -0.000461 -0.040452
0.169522 -0.049885 -0.130256
-0.067772 -0.007764 -0.058792
0.081244 0.032766 0.545962
-0.060681 -0.061831 -0.026071
-0.004349 0.110004 0.546308
0.018748 0.101678 0.423724
-0.000788 -0.034724 0.390543
0.138335 -0.027049 -0.238926
0.199670 -0.045822 -0.014376
0.276600 -0.038640 -0.013682
-0.008741 0.052159 0.599327
0.232504 -0.038536 -0.009957
0.021728 0.090442 -0.125585
0.330572 -0.025091 0.038557
-0.024603 0.016190 0.501259
0.049623 -0.082710 -0.047556
0.089041 -0.057326 -0.210104
-0.020410 0.048625 0.530281
-0.035813 0.071600 0.325916
-0.063016 -0.052648 -0.128341
0.001560 0.137336 0.580441
-0.004669 -0.080024 -0.160871
-0.009624 0.125294 0.405011
0.380125 -0.008423 -0.010131
0.309520 -0.027412 -0.111785
0.187455 -0.023834 -0.206058
-0.037667 -0.057240 0.156550
0.007338 0.232632 0.603659
0.306748 -0.048888 0.047480
-0.062098 -0.025662 0.127961
-0.147898 0.031349 0.546395
-0.013202 -0.097957 -0.077080
0.069202 0.042379 0.054324
0.459220 -0.013586 -0.062760
0.077346 -0.037557 -0.210034
-0.043411 -0.046801 0.216239
0.334037 -0.029067 -0.005712
0.249484 -0.077858 -0.181255
-0.008576 0.105915 0.480901
-0.049104 0.068697 -0.132398
0.015707 0.147819 0.481421
-0.016954 -0.012425 0.458636
-0.044461 -0.096744 -0.041751
-0.000164 0.211580 0.455951
0.024907 -0.010017 0.456037
0.071108 -0.012373 -0.230523
0.465285 -0.000686 0.059608
-0.039331 -0.028131 0.313614
0.291501 -0.099690 -0.181307
-0.067772 -0.007764 0.072083
0.061925 0.024042 0.304778
0.029377 -0.058011 0.227069
0.044685 0.077517 0.053977
-0.000545 -0.083836 -0.026244
-0.049636 0.053294 0.309023
0.461213 0.002883 -0.017841
-0.012986 -0.097784 -0.029103
0.248271 -0.035920 -0.136419
-0.006315 0.081311 0.513475
-0.135752 0.039320 0.477089
0.135303 -0.057326 -0.115926
0.046158 0.059644 0.346101
0.018167 -0.101509 -0.033348
-0.040933 0.022346 0.431694
-0.015888 0.090797 -0.144328
0.215957 -0.022223 -0.156998
-0.060245 0.051804 -0.005626
-0.025868 -0.111732 -0.031789
0.085402 -0.031683 -0.283802
0.391647 -0.020482 -0.004933
-0.134704 -0.074653 -0.050614
-0.064454 -0.000011 0.239544
0.079685 -0.033425 -0.259285
0.039227 -0.105927 -0.000168
0.034099 0.035959 0.488871
-0.029974 -0.097870 -0.013336
0.105588 -0.034577 -0.197975
0.070502 -0.016072 0.088457
0.056381 -0.070148 0.085771
0.006862 -0.042911 0.345581
-0.155089 0.031487 0.514947
-0.060589 -0.057760 0.014820
0.048670 0.073272 -0.223766
0.404122 -0.002402 -0.038373
0.151849 -0.033468 -0.151107
0.054301 0.067485 -0.111958
0.005441 0.334684 0.652606
-0.025062 -0.065210 0.140610
-0.010318 0.158734 0.456644
0.008681 0.297692 0.563115
0.015265 -0.084182 -0.091357
0.363319 -0.007036 -0.054789
-0.069678 0.015912 0.076155
0.067470 -0.049694 -0.131863
0.445446 -0.003589 0.055277
0.260226 -0.021400 -0.085717
0.032687 -0.045622 0.280087
0.109659 -0.037488 -0.178041
0.003630 0.101228 0.563461
0.453243 -0.037817 -0.108259
0.011730 0.248485 0.556704
-0.006835 -0.070408 0.139916
-0.000883 0.093292 0.035265
0.435916 -0.041395 -0.115882
0.250610 -0.085049 -0.238666
0.224274 0.041867 0.607557
0.016504 0.134651 0.468339
0.053868 0.008254 0.353811
0.088954 0.027236 0.472671
-0.054571 -0.026589 0.244915
-0.016096 0.020261 0.554365
0.451683 -0.028079 0.108642
0.236489 -0.049599 -0.030143
0.074140 0.019770 0.072083
-0.057881 -0.066250 0.066366
-0.070709 0.034104 0.411335
0.334124 -0.027516 -0.034214
-0.005405 0.273782 0.579922
0.665405 0.014448 0.206623
-0.050397 -0.082190 -0.108458
0.332304 -0.029266 0.062814
-0.015871 0.090815 -0.074810
-0.004972 -0.076905 0.067752
0.535024 -0.000184 0.043495
-0.107787 -0.064430 -0.014289
-0.000849 0.092998 -0.161027
0.055514 -0.077685 0.031106
0.060452 0.036002 0.427795
-0.002763 -0.074306 0.093308
-0.068560 -0.004100 0.125189
-0.052203 0.008133 0.333453
-0.012977 0.130406 0.456471
-0.173368 -0.052726 0.001911
0.391907 -0.029544 0.094435
0.073361 -0.003285 0.133766
0.120315 -0.031242 -0.273492
0.027021 0.087886 -0.197828
-0.013176 -0.084096 -0.067109
0.064264 -0.031796 -0.053369
11.087319 4.585692 3.370510
10.299601 4.605859 3.867664
10.446146 4.471528 2.865756
10.663687 4.560639 3.574036
11.014526 4.552140 2.973116
11.195798 4.522165 3.676938
10.930422 4.457503 3.583172
10.570132 4.555840 3.831909
10.991769 4.666448 3.722325
11.300995 4.479172 3.418299
10.964415 4.633962 3.182562
10.790869 4.518162 3.738368
10.973965 4.656050 3.521596
10.764997 4.499606 3.413401
11.102533 4.464339 3.539743
10.423602 4.589337 3.747241
11.031066 4.503657 3.765579
10.938016 4.524712 3.418433
10.548470 4.505717 3.674854
11.047022 4.518385 3.120895
11.245885 4.557410 3.537745
11.085698 4.606447 3.616860
11.000256 4.508276 3.264165
10.815205 4.550339 3.562026
10.969973 4.652011 3.329509
10.943499 4.589694 3.828488
10.664174 4.558686 3.717598
11.083957 4.601592 3.227225
10.943891 4.577489 3.640170
10.539717 4.548634 3.558239
11.045330 4.465962 3.648725
11.033640 4.630105 3.072316
11.087238 4.589853 3.493022
10.415174 4.584984 3.866149
10.730610 4.480940 3.521478
11.176035 4.547051 3.435143
11.087262 4.593980 3.730119
10.954322 4.624005 3.938550
11.003444 4.499802 3.504801
10.875351 4.502386 3.672579
11.020092 4.670870 3.427638
10.956684 4.565349 3.104771
10.750925 4.539594 3.640344
10.847803 4.537216 3.463562
11.073133 4.505576 3.431833
11.310303 4.484542 3.516964
11.160357 4.535899 3.582309
11.012263 4.671071 3.615640
10.525852 4.571059 3.746497
10.951001 4.552174 3.740937
10.917752 4.533920 3.529432
10.595021 4.576833 3.636027
11.062890 4.648739 3.307799
11.019945 4.505186 3.353914
10.944892 4.581495 3.255990
10.946887 4.615308 3.415423
10.991888 4.666446 3.824543
10.966492 4.475218 3.687805
11.051909 4.645283 3.157972
10.990432 4.511838 3.843042
10.978689 4.519717 3.180050
10.945855 4.567176 3.342983
11.073231 4.540277 3.296802
11.004649 4.459745 3.075782
10.358274 4.601219 3.800269
11.077581 4.540670 3.562580
11.058039 4.523637 3.206670
11.004268 4.665880 3.251925
11.059753 4.653329 3.538204
11.114889 4.507829 3.669064
10.478688 4.581862 3.813987
10.757485 4.555838 3.504308
11.058852 4.549459 3.039708
11.008419 4.493508 3.583014
11.062048 4.651914 3.777865
10.636165 4.547044 3.791087
11.082743 4.558889 3.799790
11.126296 4.522341 3.493052
11.290915 4.543527 3.460433
10.981415 4.588285 3.032594
10.868394 4.504247 3.593750
11.065559 4.647892 3.679667
10.944167 4.601637 3.566706
10.527471 4.580700 3.671371
10.709570 4.537365 3.773942
11.080834 4.577481 3.153776
10.682537 4.564694 3.645924
10.591402 4.562644 3.713872
10.943465 4.585549 3.484854
10.951508 4.557681 3.893056
10.574876 4.503938 3.603315
10.951526 4.626947 3.767080
10.712293 4.521910 3.456025
10.821614 4.536068 3.641664
11.079622 4.625778 3.427692
10.947787 4.618055 3.697366
10.978790 4.633696 3.115263
10.735928 4.528340 3.570727
10.995498 4.521102 3.029741
10.934294 4.514378 3.619513
11.219974 4.544127 3.609298
11.120937 4.538297 3.400774
11.084265 4.565484 3.668880
11.054814 4.499248 3.703922
11.291557 4.508350 3.576093
10.475712 4.587142 3.709794
11.195193 4.552739 3.499122
11.010145 4.503312 3.441507
10.523966 4.535692 3.623716
11.059958 4.653207 3.370296
10.948080 4.573574 3.190587
10.718078 4.534323 3.697404
10.958652 4.639674 3.623711
10.969638 4.652241 3.881519
11.123639 4.470903 3.597511
11.024321 4.670154 3.488776
11.072686 4.577642 3.092287
11.306078 4.551417 3.534276
10.359341 4.592906 3.887058
10.962638 4.511684 3.789933
11.068677 4.493832 3.599636
10.977508 4.471327 3.629097
10.771401 4.507442 3.471946
10.990450 4.515796 3.090290
10.905258 4.524559 3.472261
10.965710 4.648562 3.460330
11.263898 4.492763 3.472478
10.975374 4.520671 3.315895
11.053480 4.650582 3.218086
10.416147 4.584824 3.805001
10.952978 4.536339 3.685198
11.160165 4.506922 3.720001
11.065325 4.499659 3.513546
10.882665 4.546966 3.418698
10.959150 4.499389 3.548893
11.165759 4.505406 3.632384
11.004194 4.669657 3.370337
10.849031 4.530457 3.521948
10.832113 4.523085 3.700715
10.960817 4.502747 3.465790
10.967923 4.513230 3.369873
10.578582 4.567672 3.779070
10.958875 4.634933 3.251828
11.062103 4.651763 3.597969
11.071208 4.640863 3.483639
10.952192 4.545014 3.578913
11.054921 4.516352 3.817838
10.975380 4.500911 3.734115
11.087195 4.593716 3.317287
11.323118 4.497043 3.466577
10.781695 4.536947 3.687940
10.988532 4.665134 3.668711
10.902100 4.477948 3.542584
11.012166 4.671114 3.775318
11.069170 4.519376 3.368445
10.974111 4.655968 3.574889
11.269895 4.521983 3.414805
11.085832 4.606820 3.543045
10.963684 4.532510 3.234032
11.079443 4.549469 3.460288
10.787438 4.524583 3.597988
11.037787 4.594958 3.024810
10.711900 4.560110 3.536589
10.733941 4.475610 3.448012
10.293645 4.585405 3.914638
11.268409 4.511746 3.530358
10.806063 4.540757 3.495240
11.076745 4.543971 3.722419
11.081603 4.556124 3.611532
11.043321 4.664882 3.721735
11.244487 4.544807 3.489019
10.470285 4.589827 3.765319
10.637707 4.556414 3.674856
10.946571 4.607523 3.889837
11.237776 4.540169 3.656484
11.013356 4.494861 3.673913
10.555296 4.529518 3.722114
11.030847 4.503468 3.063886
11.203959 4.531567 3.558698
10.974069 4.656009 3.407137
11.133397 4.519656 3.541944
11.006458 4.659855 3.180527
11.277944 4.559984 3.574607
11.024350 4.508301 3.165956
10.947631 4.617993 3.366302
10.947466 4.614030 3.308914
11.085591 4.607032 3.805193
11.122091 4.519632 3.617341
10.576796 4.550969 3.589618
11.051404 4.517713 3.259962
10.725403 4.562464 3.602871
10.948582 4.557873 3.791556
11.065956 4.619557 3.120042
10.945318 4.570291 3.431758
10.578537 4.541747 3.666236
11.019912 4.669069 3.313022
10.952184 4.601416 3.149729
10.979238 4.617587 3.070924
11.077938 4.551171 3.239728
11.006181 4.507693 3.217565
11.032088 4.508696 3.309027
11.028159 4.646509 3.115881
10.949856 4.555108 3.298209
10.640760 4.572853 3.628596
10.947857 4.617968 3.517488
10.762749 4.560071 3.550576
10.341579 4.594270 3.844756
10.920482 4.507618 3.662954
10.619245 4.563605 3.750198
10.882940 4.536090 3.564245
11.065205 4.643333 3.261581
10.764377 4.510390 3.530296
11.072498 4.524568 3.771392
11.044945 4.502347 3.472779
10.953630 4.546336 3.837669
10.956839 4.637332 3.840458
10.726782 4.529653 3.413679
10.720282 4.529722 3.501346
10.521486 4.570407 3.803871
11.087458 4.581791 3.419473
10.982483 4.519843 3.892403
10.975419 4.524466 3.131887
10.929987 4.542792 3.377791
10.578649 4.518441 3.558552
11.074515 4.636277 3.737217
11.130960 4.546767 3.456267
10.970138 4.542453 3.060894
11.313987 4.524067 3.416343
11.040735 4.496808 3.550289
10.879516 4.524405 3.634302
10.751751 4.536162 3.727354
11.081945 4.566990 3.196517
11.005922 4.507496 3.802369
10.922256 4.508598 3.570806
11.095116 4.500605 3.565682
11.034800 4.668296 3.818708
11.020117 4.504307 3.399132
10.949125 4.609565 3.214990
11.020230 4.670706 3.537937
10.539236 4.502042 3.579261
11.078917 4.524177 3.640270
10.944620 4.573749 3.533978
11.083521 4.561878 3.525743
10.670654 4.549486 3.760566
10.963736 4.494021 3.595360
10.943380 4.593746 3.738387
10.545366 4.582454 3.709575
11.085698 4.606473 3.678319
10.952888 4.566148 3.934387
10.952486 4.544545 3.489102
10.382588 4.596594 3.836773
11.212482 4.548826 3.460904
10.877151 4.547454 3.492891
11.031747 4.460846 3.609188
11.031985 4.668986 3.652538
11.155304 4.545090 3.517138
10.953913 4.558206 3.145902
10.388526 4.591894 3.773536
10.944577 4.573741 3.701544
11.159688 4.501933 3.676955
10.843684 4.537290 3.606914
10.709563 4.534089 3.652923
10.758492 4.531858 3.441343
11.034785 4.524172 3.017008
11.084388 4.605650 3.267957
11.055264 4.656748 3.410959
11.078978 4.524368 3.681094
11.170019 4.531759 3.472652
10.985147 4.660791 3.292621
11.314288 4.527901 3.502396
10.574283 4.579458 3.680932
10.701677 4.547178 3.734754
11.245862 4.536087 3.578998
10.979566 4.505324 3.415273
10.944920 4.605703 3.607609
11.062446 4.538638 3.088244
11.065499 4.460434 3.683088
11.072782 4.638415 3.637388
11.081394 4.544325 3.403004
11.008614 4.582858 3.000633
11.012619 4.497510 3.713877
10.573836 4.504850 3.644319
10.985743 4.549329 3.003479
10.958257 4.498887 3.654959
10.976247 4.657681 3.762934
11.081074 4.622840 3.383946
11.066700 4.534941 3.169910
10.451129 4.580509 3.851152
11.077410 4.631307 3.343238
10.947008 4.513567 3.513512
10.787027 4.516220 3.655164
11.077565 4.615334 3.191002
10.962780 4.582591 3.069812
10.684951 4.567507 3.607515
11.031937 4.669256 3.574671
10.546577 4.559402 3.644217
10.956855 4.637404 3.730155
11.247318 4.521421 3.624048
11.000501 4.652867 3.141974
10.712766 4.490047 3.477896
10.677024 4.549969 3.681124
11.041046 4.562480 2.998578
10.952407 4.540679 3.644191
11.276863 4.549083 3.509791
11.083654 4.561894 3.337581
10.718836 4.492588 3.413390
11.012354 4.493041 3.636013
11.089610 4.517127 3.484884
10.845947 4.527796 3.563817
10.967522 4.650707 3.370412
11.087338 4.585701 3.767074
11.048689 4.662181 3.461413
11.064558 4.524616 3.329582
10.739165 4.545309 3.470577
11.016225 4.671316 3.693308
10.950220 4.623855 3.660763
10.949073 4.621232 3.803856
10.945686 4.609508 3.456264
10.532961 4.539572 3.674759
11.079774 4.625687 3.574774
10.761557 4.484787 3.501239
11.075702 4.508917 3.738251
10.944543 4.573772 3.394922
10.540797 4.557238 3.595572
10.766520 4.554812 3.598960
11.101774 4.522737 3.448334
10.901848 4.480498 3.586315
10.324280 4.598673 3.897035
11.131256 4.473575 3.560765
11.087047 4.589630 3.456147
11.197120 4.523892 3.638343
10.556187 4.551264 3.751650
10.881092 4.550313 3.456038
10.699397 4.552260 3.572561
11.290930 4.474468 3.456492
11.073019 4.552222 3.128922
11.103330 4.515810 3.521609
10.978729 4.651126 3.211261
11.008216 4.509155 3.121008
10.509359 4.574358 3.713634
10.934583 4.462474 3.541840
11.061105 4.607150 3.075564
10.994753 4.459108 3.672509
11.154781 4.503838 3.597680
11.012410 4.664116 3.215352
10.739267 4.529979 3.607826
11.267522 4.488971 3.427737
10.994636 4.667543 3.468635
10.938004 4.542159 3.451716
11.043176 4.664228 3.341357
11.096743 4.464053 3.575878
10.535481 4.504871 3.635494
10.883292 4.523817 3.523507
11.065399 4.496409 3.656399
11.086987 4.577908 3.562481
11.122232 4.513733 3.583159
11.061725 4.584691 3.048019
10.632102 4.565104 3.595639
10.624736 4.553153 3.713955
10.954006 4.632437 3.554293
10.844571 4.520948 3.668798
10.738911 4.499321 3.552345
10.956867 4.505208 3.705469
11.271279 4.484797 3.505108
10.582961 4.542063 3.622122
10.945391 4.570232 3.861182
10.815577 4.554037 3.525495
11.184109 4.536275 3.606872
10.783319 4.541727 3.521570
10.839306 4.553306 3.492228
11.064967 4.458901 3.615559
10.898814 4.527046 3.592785
11.304803 4.507336 3.540972
10.997433 4.502854 3.764797
11.090133 4.545515 3.370360
11.146172 4.550047 3.420461
10.975125 4.655113 3.914453
10.443589 4.581907 3.782973
11.164021 4.541860 3.549830
10.943254 4.593929 3.672844
10.522623 4.528344 3.591043
10.948734 4.561719 3.227212
10.733947 4.563705 3.566675
11.192643 4.550391 3.533641
10.815246 4.548083 3.464025
10.970028 4.636357 3.149863
11.080993 4.622688 3.706733
11.087308 4.581726 3.640273
11.316296 4.564742 3.562637
10.554295 4.568152 3.804180
10.991895 4.666401 3.861202
10.951805 4.548972 3.611575
11.033089 4.469387 3.680568
10.606849 4.574512 3.680895
11.264884 4.519616 3.493018
10.999319 4.461254 3.605453
10.782514 4.546047 3.635676
11.053148 4.658830 3.506735
10.963186 4.608364 3.103066
10.492656 4.587853 3.738275
10.506844 4.581233 3.777104
11.256986 4.552122 3.605174
11.081650 4.556085 3.754690
11.224592 4.537894 3.513565
10.749456 4.536819 3.688572
11.040783 4.505506 3.431650
10.746805 4.537090 3.534930
10.956980 4.637143 3.489093
10.909819 4.547429 3.435726
10.783462 4.538575 3.562602
10.961644 4.640389 3.284748
10.455661 4.591344 3.734394
11.138869 4.512746 3.648472
11.000937 4.636101 3.085051
10.943517 4.581556 3.771120
11.074795 4.636377 3.810667
10.968278 4.536465 3.099371
11.033831 4.498939 3.519558
10.560802 4.541439 3.693269
10.765874 4.488019 3.448079
11.077609 4.627190 3.289917
11.025145 4.478389 3.091063
10.571298 4.549080 3.558313
10.971800 4.654129 3.701639
11.000494 4.669352 3.509381
11.000430 4.669492 3.337868
10.971958 4.653937 3.803748
11.077953 4.545054 3.492984
10.295482 4.612281 3.898076
11.048980 4.494090 3.623597
10.608746 4.560734 3.780890
10.919847 4.540325 3.494615
11.046160 4.663336 3.622352
11.006717 4.523943 3.000715
11.016137 4.668133 3.280543
10.951991 4.532113 3.537963
10.715980 4.515136 3.528329
11.087432 4.589768 3.591244
11.002497 4.619648 3.050529
10.963882 4.532566 3.871678
10.813941 4.544686 3.605467
10.423546 4.582892 3.836602
11.086167 4.574555 3.705960
11.053070 4.658725 3.841967
10.856082 4.547785 3.435487
11.031778 4.668853 3.394690
11.085489 4.577397 3.255850
11.000150 4.508602 3.329379
11.262164 4.516429 3.444236
11.000550 4.669605 3.583026
10.970862 4.524294 3.262696
10.330085 4.598889 3.816448
11.090360 4.514110 3.607251
10.709063 4.546885 3.623706
11.041305 4.512546 3.231084
10.985845 4.663866 3.439623
10.943850 4.577906 3.595152
10.961621 4.527159 3.343364
11.316657 4.526383 3.471176
10.975298 4.501441 3.492955
10.813379 4.531788 3.678593
10.800421 4.528326 3.710241
10.994210 4.511694 3.155416
10.947461 4.561197 3.668786
10.976180 4.657651 3.607647
11.007442 4.495756 3.553083
10.952437 4.524164 3.730259
11.016120 4.671157 3.844585
11.044731 4.609763 3.049783
11.103039 4.527422 3.553751
10.964242 4.528765 3.816046
11.032204 4.508913 3.844738
10.999801 4.504511 3.064139
10.987756 4.494373 3.653705
10.960509 4.642085 3.431705
10.987596 4.498414 3.530195
10.558798 4.567065 3.618541
11.044940 4.524235 3.047083
11.278171 4.545039 3.542021
10.919719 4.548848 3.404832
10.955944 4.548490 3.177002
11.078418 4.507586 3.542226
11.073048 4.638657 3.514836
10.614640 4.561161 3.655583
11.046224 4.494898 3.580347
10.386277 4.588234 3.876006
10.979455 4.495493 3.570553
11.034484 4.663557 3.236338
10.717383 4.554425 3.672546
11.048895 4.507016 3.395055
10.957009 4.528426 3.766614
11.034885 4.668395 3.749361
10.564166 4.559595 3.724512
10.657971 4.556540 3.608546
10.946926 4.615232 3.856866
10.899310 4.511870 3.686348
10.539159 4.568606 3.772197
11.203894 4.544286 3.584647
10.870771 4.510017 3.563692
11.032482 4.500616 3.734052
11.035460 4.510516 3.194651
11.033262 4.511522 3.096419
11.080256 4.553126 3.431639
10.957084 4.505870 3.437274
10.956657 4.637194 3.595121
11.076884 4.593328 3.129990
11.121868 4.528600 3.427727
11.127033 4.538298 3.521006
10.947820 4.609996 3.260080
10.946863 4.615563 3.337791
11.075911 4.633496 3.456094
10.327941 4.603128 3.868389
11.003991 4.508279 3.186379
10.964190 4.533059 3.205610
10.590017 4.561147 3.753749
10.749774 4.476232 3.476570
11.086102 4.604163 3.344512
11.046516 4.652197 3.185172
10.310888 4.599962 3.842045
11.074087 4.505060 3.464677
11.070373 4.625265 3.165512
10.757927 4.531460 3.489958
10.710740 4.499873 3.505008
10.965310 4.530006 3.289466
10.575725 4.514284 3.672731
11.164529 4.510352 3.571039
10.927480 4.478064 3.564144
11.004280 4.501857 3.476757
11.000240 4.508795 3.869133
10.641551 4.548806 3.758994
10.975479 4.547227 3.029726
11.053411 4.626413 3.096020
10.971463 4.467459 3.659617
10.709492 4.498153 3.442226
10.946278 4.582748 3.904122
11.009152 4.507070 3.293694
10.844971 4.522213 3.636178
10.791195 4.516878 3.627768
10.861068 4.543377 3.546556
10.946108 4.503491 3.679508
10.824246 4.533234 3.542091
11.047283 4.511194 3.353976
11.080477 4.553412 3.644212
10.964140 4.646559 3.668804
11.221510 4.553335 3.549852
11.293755 4.504650 3.425946
11.083921 4.565475 3.296507
11.175809 4.518272 3.695153
11.323341 4.502196 3.430079
10.387468 4.588953 3.800684
10.503554 4.582408 3.688092
10.963743 4.494556 3.623814
11.077792 4.532337 3.591143
10.991687 4.506230 3.390755
10.500883 4.573506 3.827892
10.954066 4.628315 3.905949
11.033502 4.537295 2.990877
10.950172 4.555248 3.261168
11.000956 4.463204 3.640442
10.552358 4.577345 3.744971
10.946498 4.516372 3.484499
11.296377 4.537024 3.432448
11.000364 4.669525 3.750671
10.729814 4.535919 3.440037
10.562153 4.580035 3.656891
10.784238 4.554004 3.486164
10.742225 4.511254 3.426617
10.939444 4.506660 3.591722
11.065806 4.647864 3.434331
10.550966 4.525280 3.571892
10.525270 4.522364 3.653318
11.280164 4.485714 3.530585
10.548893 4.561056 3.677302
11.071850 4.633287 3.227174
10.946237 4.612292 3.484837
10.452159 4.579288 3.824335
10.993757 4.507579 3.359995
10.857725 4.518875 3.694016
10.954428 4.592479 3.123294
10.910820 4.531776 3.555391
11.134647 4.511041 3.687050
10.366138 4.590346 3.857050
10.738640 4.560983 3.522766
10.976990 4.653134 3.243859
10.972523 4.460803 3.605028
11.086652 4.601274 3.398964
10.917759 4.524778 3.447710
11.139308 4.545379 3.488747
11.183769 4.552707 3.460116
10.949126 4.597349 3.178179
10.550307 4.496813 3.611654
11.012431 4.602462 3.026115
10.969012 4.529578 3.157286
11.147763 4.525499 3.619247
11.151435 4.532824 3.446438
11.067782 4.645606 3.710024
11.079413 4.625317 3.317131
11.175386 4.528173 3.529867
11.298728 4.544290 3.578962
10.585995 4.524334 3.591070
11.052070 4.656542 3.280111
10.726936 4.539894 3.737904
11.069686 4.535752 3.808054
10.744865 4.483559 3.419433
10.833611 4.543752 3.580639
11.114127 4.508670 3.640191
11.033327 4.495640 3.651553
11.077400 4.631171 3.780118
11.074536 4.542772 3.263995
10.866320 4.505350 3.648390
10.866200 4.505201 3.619583
11.027950 4.657636 3.166008
11.068301 4.569313 3.067929
11.053080 4.501856 3.750495
10.733495 4.557340 3.627322
10.980928 4.661316 3.546122
10.776093 4.532439 3.718288
11.078255 4.515999 3.705849
10.982664 4.515546 3.228530
11.282821 4.556101 3.611266
10.981744 4.648532 3.170130
11.085124 4.568495 3.395240
10.946103 4.567115 3.502567
10.606206 4.568096 3.614566
11.028098 4.509508 3.137308
10.943401 4.589811 3.415335
10.953190 4.629370 3.877383
10.992308 4.477150 3.690316
11.037347 4.666902 3.776521
10.950143 4.545467 3.427436
10.951144 4.548620 3.390607
11.282489 4.476377 3.480666
10.897017 4.512165 3.648033
11.167816 4.522604 3.664445
10.947879 4.617929 3.636302
11.253158 4.557014 3.561959
10.644252 4.551843 3.734071
11.132502 4.531501 3.568180
10.418975 4.596025 3.771209
11.183630 4.525743 3.583120
10.900330 4.541018 3.512054
11.035138 4.667906 3.369859
10.980695 4.511414 3.807752
10.778538 4.542615 3.660211
11.008184 4.670710 3.644369
10.891320 4.531207 3.441367
10.659999 4.566417 3.668287
11.318409 4.524191 3.441251
10.528885 4.525828 3.558216
11.084600 4.577484 3.219153
11.101585 4.539761 3.486266
11.023360 4.507324 3.247943
10.957476 4.636549 3.313022
11.038576 4.511036 3.280322
10.583013 4.565880 3.656631
10.771428 4.510428 3.434995
10.697179 4.545133 3.705746
11.041155 4.506793 3.799217
10.828552 4.535202 3.505257
11.290703 4.548224 3.489095
10.869313 4.530238 3.476640
11.020170 4.670684 3.464422
10.574106 4.552701 3.803548
11.074605 4.636089 3.405760
10.943382 4.585727 3.795690
10.946299 4.611833 3.722148
11.126466 4.524649 3.468619
10.932196 4.480377 3.592803
11.050801 4.660706 3.561253
11.077978 4.604044 3.152427
10.991722 4.666674 3.693910
10.770430 4.507729 3.501323
11.079775 4.502563 3.628316
11.296711 4.524613 3.558360
10.978586 4.659497 3.632202
10.975294 4.498066 3.685148
11.073037 4.500089 3.680404
11.084302 4.613865 3.488727
10.660048 4.563591 3.693114
11.241268 4.558035 3.513683
10.643109 4.557041 3.647292
10.786533 4.553219 3.582306
10.854770 4.524037 3.588781
10.948447 4.557817 3.766991
11.085372 4.526345 3.386942
10.664788 4.554295 3.632157
10.949252 4.573670 3.166021
11.157410 4.518245 3.547627
10.910570 4.461005 3.559666
10.985756 4.660459 3.268166
11.087293 4.589738 3.517537
11.062024 4.651719 3.753566
11.053169 4.658840 3.645685
10.496938 4.573895 3.799820
11.110104 4.484482 3.576989
11.083394 4.617391 3.644311
11.086621 4.589107 3.290733
11.055409 4.657091 3.811620
11.184291 4.531896 3.505312
10.574232 4.504764 3.578990
11.244000 4.523314 3.599994
10.910400 4.510461 3.624242
11.065661 4.535647 3.145694
10.915675 4.519681 3.506691
11.012024 4.671211 3.668668
11.263401 4.519181 3.468302
11.048437 4.662346 3.669830
10.987590 4.493408 3.599356
10.955408 4.520968 3.402322
11.071144 4.498036 3.566583
11.045653 4.515936 3.157601
10.946620 4.564203 3.822819
10.945929 4.567246 3.572027
10.980350 4.499529 3.710661
10.963967 4.505547 3.762264
10.944630 4.573730 3.366196
11.072856 4.638737 3.555845
10.952267 4.544796 3.517461
10.705254 4.559967 3.652518
10.958433 4.639506 3.529728
11.085572 4.571921 3.476755
11.321447 4.507731 3.513139
11.050194 4.481155 3.667450
10.994468 4.667798 3.411499
10.944310 4.520067 3.572302
10.952282 4.549454 3.321195
10.944101 4.593684 3.296689
10.945913 4.531640 3.360797
11.215473 4.540384 3.482983
10.861220 4.529676 3.501268
11.062659 4.546596 3.064257
10.753225 4.484459 3.528529
10.889470 4.521034 3.546097
10.935908 4.511541 3.551669
10.971850 4.653968 3.828128
11.078634 4.621790 3.251504
11.071759 4.541368 3.198874
10.695798 4.566120 3.553611
11.024349 4.500592 3.488945
10.482106 4.585043 3.785048
11.000360 4.669476 3.795554
11.087416 4.581633 3.795688
11.329275 4.560417 3.543357
10.934787 4.505815 3.644545
11.077406 4.547752 3.779583
11.080310 4.553329 3.697436
11.036469 4.506935 3.374560
11.323184 4.504478 3.488671
10.607447 4.559116 3.730169
10.912659 4.545086 3.463091
11.090649 4.533087 3.508560
10.876604 4.534020 3.586643
11.078480 4.540399 3.533872
11.117292 4.503677 3.558534
11.035798 4.510063 3.333755
10.943400 4.593785 3.345697
10.983270 4.662726 3.358241
10.960521 4.642079 3.349818
11.045953 4.663178 3.438140
10.960562 4.642100 3.787518
10.722282 4.547803 3.579216
10.583901 4.517958 3.627759
11.065591 4.635307 3.185808
10.887728 4.516002 3.609884
11.060649 4.525168 3.235414
11.031641 4.660626 3.203114
11.083692 4.561640 3.578898
11.084822 4.610021 3.443798
11.028004 4.503599 3.455961
10.979536 4.504129 3.452053
10.998504 4.478637 3.623237
11.042345 4.663370 3.312032
10.749803 4.531193 3.414341
10.700964 4.566407 3.590948
10.958369 4.639687 3.816078
10.983048 4.524022 3.065853
10.760644 4.530485 3.467242
11.285390 4.504387 3.554154
11.093980 4.504536 3.660606
10.957977 4.620346 3.161779
10.874213 4.503531 3.697204
11.216955 4.536257 3.648063
11.100807 4.528020 3.404803
11.236739 4.537052 3.554308
10.807468 4.533107 3.586930
11.060600 4.474155 3.633604
10.754169 4.546841 3.668695
11.028012 4.639199 3.092479
11.004126 4.669838 3.554273
10.790045 4.557122 3.537195
11.058663 4.523318 3.300920
10.913428 4.528829 3.422841
11.054110 4.560853 3.020706
11.012851 4.507914 3.087358
10.954018 4.632253 3.382663
10.985803 4.664036 3.492889
10.979791 4.517059 3.863681
11.076237 4.633815 3.615589
11.086847 4.601480 3.783219
11.271773 4.526698 3.513083
10.861863 4.548404 3.514234
11.082126 4.583047 3.175664
10.980541 4.517591 3.202468
11.103470 4.544165 3.441739
10.529476 4.584163 3.693580
10.963686 4.540790 3.912546
11.057177 4.634781 3.134114
10.548164 4.499624 3.653185
10.962454 4.635771 3.211232
11.220750 4.532988 3.574880
11.185315 4.544131 3.560015
10.586923 4.572122 3.734213
11.305857 4.478387 3.440128
10.946190 4.612487 3.824303
10.885694 4.525473 3.501188
11.245521 4.547828 3.623704
10.962132 4.644247 3.750674
11.289975 4.561885 3.522665
10.791463 4.515253 3.676993
11.213769 4.528491 3.623595
10.780292 4.534866 3.616525
10.538454 4.555709 3.623859
11.083172 4.617446 3.362079
11.232616 4.521918 3.641763
10.795028 4.557669 3.505358
11.124656 4.461864 3.541426
11.223632 4.536254 3.535853
11.033285 4.476934 3.624847
10.574191 4.552078 3.641627
11.172072 4.550152 3.484698
11.129144 4.459161 3.579349
10.556244 4.519715 3.690827
11.170046 4.519681 3.609938
10.952373 4.516001 3.632134
10.964929 4.565454 3.056116
10.735975 4.520360 3.546920
10.770669 4.559776 3.521597
10.986397 4.662483 3.319346
11.075477 4.528127 3.348558
11.023319 4.507208 3.824476
11.106808 4.537788 3.384010
10.953088 4.532282 3.709771
11.084490 4.565446 3.362255
10.958791 4.588353 3.094632
10.681321 4.547099 3.726222
10.943678 4.597801 3.394853
11.200054 4.533256 3.521598
10.959758 4.612848 3.129288
10.443938 4.593372 3.754777
11.066478 4.609334 3.100394
10.942440 4.520627 3.451899
11.025247 4.465449 3.070834
11.076147 4.544875 3.325599
11.155003 4.512725 3.699111
11.040861 4.493250 3.603199
10.480763 4.576109 3.836077
10.864762 4.551090 3.472577
11.031830 4.669089 3.509424
10.632330 4.572757 3.661404
10.996361 4.563166 2.990414
10.952932 4.629821 3.452077
10.949428 4.554888 3.470030
10.758260 4.527595 3.518330
11.147918 4.528009 3.470612
11.265821 4.560583 3.529689
11.150643 4.524410 3.521379
10.956857 4.637109 3.701496
10.767495 4.551992 3.620488
11.071168 4.557355 3.100605
11.024399 4.670406 3.730313
10.828465 4.538187 3.481049
10.943252 4.593835 3.542203
10.909018 4.461085 3.592979
11.023016 4.516116 3.033469
11.036698 4.497225 3.672856
10.576046 4.576668 3.707399
10.943462 4.585706 3.513351
11.099368 4.519858 3.588900
11.003024 4.476571 3.089290
10.971991 4.600561 3.060179
10.528686 4.543849 3.652261
11.050651 4.526387 3.067800
10.889960 4.518526 3.574888
10.733618 4.540999 3.668221
10.803048 4.536791 3.541523
10.976270 4.657596 3.734148
10.715882 4.526050 3.480805
10.740554 4.508180 3.576122
10.976426 4.657373 3.848751
11.049293 4.503854 3.779493
10.872596 4.521783 3.660118
10.983419 4.493458 3.632084
10.349598 4.603417 3.824362
10.804208 4.543645 3.624385
10.697685 4.546229 3.677058
10.960564 4.561308 3.084395
11.114575 4.546906 3.419464
10.558121 4.560738 3.583835
10.897136 4.537991 3.533300
10.803154 4.538443 3.651944
11.048599 4.541074 3.015039
11.147540 4.517929 3.668450
10.370059 4.600695 3.820129
11.064158 4.513396 3.798831
10.992860 4.605386 3.036507
10.762164 4.558674 3.578432
10.969435 4.652468 3.480497
10.876897 4.543040 3.529398
11.290562 4.477323 3.512839
10.998001 4.663538 3.231667
11.180667 4.531832 3.627554
10.940560 4.527713 3.388077
10.622663 4.569319 3.700796
11.031893 4.653402 3.145817
10.957996 4.539315 3.788694
10.943511 4.597858 3.701436
11.146735 4.539889 3.535740
11.012248 4.671082 3.865309
11.079903 4.625602 3.529909
11.053168 4.524343 3.100555
10.720021 4.514513 3.426469
10.995927 4.500264 3.725834
10.930023 4.541433 3.476530
10.899846 4.538687 3.409743
11.053137 4.658753 3.702825
11.164518 4.503149 3.656672
11.014836 4.533140 2.982457
10.442122 4.581191 3.806086
11.244799 4.540433 3.525655
10.398889 4.586728 3.828468
10.485492 4.576545 3.759224
11.294759 4.563086 3.562263
11.142770 4.517830 3.583108
10.949551 4.503930 3.610185
10.971270 4.499839 3.513576
11.146840 4.526073 3.493256
10.943603 4.597678 3.587195
10.945516 4.608593 3.775345
11.081203 4.504619 3.587155
10.552701 4.581528 3.675794
10.987682 4.513090 3.279968
10.944572 4.573711 3.452054
10.738577 4.549065 3.498505
10.949125 4.617415 3.288757
10.835967 4.551321 3.525507
10.956252 4.557603 3.125180
11.079701 4.625662 3.673094
10.916805 4.516364 3.540564
10.965500 4.648886 3.648409
10.944822 4.597440 3.276332
10.672603 4.569341 3.590783
10.526537 4.544012 3.603651
11.087313 4.581728 3.349947
11.224342 4.547917 3.588813
11.084883 4.568910 3.738689
11.209025 4.552817 3.521462
10.997156 4.668692 3.391195
11.062880 4.534304 3.125151
11.084875 4.568778 3.497413
10.967537 4.650721 3.501227
10.711563 4.548588 3.596968
11.151780 4.548146 3.472586
10.795166 4.555288 3.558160
10.945923 4.573578 3.881605
10.832082 4.548015 3.452599
11.297622 4.548143 3.509463
11.265973 4.540891 3.578872
11.085582 4.521634 3.431714
10.948645 4.557692 3.713973
11.085494 4.607205 3.420692
11.076521 4.552996 3.170108
11.040088 4.665856 3.538109
10.948644 4.557910 3.689434
10.563399 4.557759 3.658069
11.012454 4.506602 3.848854
11.105928 4.518470 3.501401
10.952609 4.549721 3.869264
11.024356 4.670466 3.791734
11.053013 4.504149 3.448261
10.952616 4.540560 3.664621
10.954192 4.632281 3.403028
10.956634 4.637394 3.574665
10.943395 4.589593 3.848611
11.195886 4.538570 3.468837
11.256937 4.544870 3.509215
11.059820 4.653202 3.345703
11.070152 4.620099 3.140456
10.995882 4.498536 3.697424
10.946454 4.576638 3.213617
10.956761 4.504777 3.529481
11.018278 4.503369 3.419428
10.940755 4.544591 3.409258
10.643336 4.552438 3.705557
10.558329 4.562076 3.770002
10.704474 4.530827 3.723030
11.084026 4.589600 3.202817
10.825748 4.531716 3.662257
10.615530 4.575635 3.636117
10.943366 4.594044 3.652514
11.271788 4.481871 3.457367
10.791413 4.515331 3.697246
11.085749 4.607212 3.469854
10.556576 4.499305 3.569163
10.742072 4.476464 3.505063
11.048622 4.662191 3.584001
10.406843 4.596872 3.791484
10.959994 4.638706 3.922045
11.233706 4.553539 3.566157
11.229454 4.550895 3.471428
11.024298 4.494533 3.570820
11.086916 4.577958 3.439761
10.750059 4.541686 3.595124
10.953862 4.624355 3.235472
11.000227 4.478287 3.671118
10.863013 4.532308 3.609946
11.086613 4.601506 3.574793
11.028014 4.509987 3.117082
10.974672 4.623616 3.097076
11.076098 4.508523 3.496985
11.021876 4.573318 2.988863
11.147811 4.529284 3.598676
10.717492 4.494402 3.528495
11.287381 4.528229 3.582997
11.269221 4.538994 3.615746
10.525463 4.515189 3.605780
10.541536 4.569671 3.730011
11.277382 4.543696 3.562776
10.771393 4.539165 3.587327
10.583885 4.539789 3.574407
10.996370 4.509509 3.309107
10.675956 4.549008 3.704896
10.740423 4.553096 3.650798
11.035367 4.582895 3.009088
10.988777 4.665267 3.648409
11.208444 4.528987 3.603420
11.284653 4.521187 3.537026
10.869164 4.524671 3.537217
10.968817 4.507659 3.396352
10.550199 4.545685 3.709682
10.946343 4.611727 3.746511
11.065529 4.480724 3.614263
11.066608 4.511420 3.387430
11.043186 4.664545 3.795350
10.854415 4.540499 3.576262
10.758928 4.534855 3.705704
10.649966 4.560051 3.588738
10.294757 4.607569 3.917079
10.989904 4.655207 3.190654
10.962204 4.644065 3.865116
10.985902 4.663560 3.897586
11.094856 4.529181 3.533487
10.920615 4.495817 3.555849
11.309896 4.523592 3.530671
11.096965 4.478467 3.590541
11.175962 4.549296 3.509160
10.920017 4.508102 3.682817
10.819673 4.528785 3.615574
10.706293 4.539045 3.754422
10.572168 4.502587 3.623699
10.926562 4.519099 3.599684
10.626417 4.560863 3.622442
10.711291 4.552902 3.691139
10.964654 4.533710 3.185891
11.086056 4.571669 3.542400
11.062229 4.651466 3.393504
10.684032 4.549298 3.745246
10.512723 4.582541 3.758438
10.529796 4.571358 3.714027
10.946283 4.599854 3.231786
10.583803 4.564489 3.694319
10.496895 4.587182 3.705798
10.688442 4.566081 3.627570
11.085230 4.572075 3.321148
11.188221 4.527766 3.660179
10.737830 4.563124 3.542278
10.680847 4.557982 3.562583
10.956759 4.505048 3.497086
11.004197 4.669867 3.439805
10.703963 4.564954 3.610153
11.067703 4.645427 3.660660
10.574295 4.571212 3.758611
11.016124 4.512009 3.055242
11.045845 4.638731 3.116471
10.718907 4.548228 3.710754
10.730269 4.533660 3.517460
10.951051 4.552155 3.561044
10.549693 4.544484 3.574246
11.286404 4.531207 3.413050
10.811742 4.555944 3.484826
10.962736 4.643541 3.898168
11.023265 4.507259 3.227595
10.661576 4.568018 3.649444
11.012327 4.650375 3.125353
10.854495 4.552433 3.454150
11.078233 4.543489 3.660216
10.460337 4.579044 3.791394
11.086496 4.574670 3.685403
11.062697 4.526773 3.272277
10.717610 4.535491 3.676964
11.060873 4.467539 3.659223
10.549369 4.566853 3.695039
10.343190 4.593157 3.874818
10.984814 4.517846 3.116796
11.203727 4.535570 3.497292
10.944522 4.573788 3.554370
10.781328 4.544312 3.502936
11.170469 4.536272 3.454206
11.069562 4.643170 3.792940
10.511212 4.585716 3.736446
10.969660 4.538096 3.080689
10.708768 4.506409 3.486469
10.469299 4.579974 3.726570
11.305711 4.535038 3.452126
11.097516 4.480928 3.546983
11.078529 4.528372 3.611846
10.540429 4.573759 3.790449
11.282570 4.476739 3.439908
11.254147 4.554185 3.586844
10.670834 4.552714 3.654433
11.314706 4.483811 3.476608
10.873063 4.533927 3.452244
11.316213 4.494474 3.414522
10.648110 4.571835 3.603620
10.946174 4.566925 3.322628
10.944163 4.593732 3.877222
11.114436 4.544083 3.464302
10.977470 4.478494 3.607992
11.114004 4.510321 3.599694
11.272360 4.529984 3.431691
11.279021 4.484811 3.413317
11.012626 4.498405 3.734209
10.909294 4.512548 3.598453
10.804115 4.538562 3.513656
10.987460 4.505262 3.791233
10.946756 4.564270 3.843255
11.085805 4.571609 3.595579
11.265157 4.502545 3.414962
11.302806 4.535935 3.481803
10.967874 4.606349 3.080667
11.012332 4.671266 3.407092
11.077216 4.631197 3.690538
10.992799 4.644155 3.121664
11.297873 4.536882 3.526212
11.143281 4.536170 3.553920
10.908282 4.528509 3.573418
11.067100 4.534355 3.219141
10.935065 4.480492 3.545833
10.987224 4.532073 3.017077
10.550997 4.545667 3.730073
11.056980 4.498521 3.529808
10.527613 4.543298 3.571045
11.082060 4.559500 3.256070
11.081284 4.607039 3.208195
10.924936 4.532184 3.397163
11.074726 4.636197 3.372998
11.065989 4.531235 3.251705
11.073045 4.638826 3.759905
10.767244 4.490360 3.476425
11.105245 4.515237 3.623684
11.118663 4.532371 3.545614
10.860963 4.526516 3.644415
11.101921 4.461038 3.593288
11.049031 4.506677 3.415481
10.995913 4.543261 2.989374
10.901048 4.520758 3.525442
11.031963 4.668951 3.673069
11.124491 4.479948 3.542169
11.298363 4.486448 3.531205
10.943572 4.593886 3.468548
10.999749 4.505795 3.407210
11.075700 4.629484 3.267947
10.983434 4.501840 3.750486
10.456497 4.580791 3.755211
10.994571 4.667791 3.628251
10.755470 4.543831 3.555332
11.101847 4.513509 3.542086
11.080738 4.622710 3.797002
10.827732 4.551133 3.541899
11.084823 4.569231 3.624054
10.690831 4.556893 3.691031
11.020308 4.670764 3.599335
10.951479 4.581368 3.137162
10.608082 4.560182 3.706133
10.943481 4.597580 3.623628
11.008352 4.670622 3.812020
10.926811 4.535140 3.513700
11.110077 4.486799 3.558923
10.839904 4.553030 3.468140
11.096554 4.463706 3.557808
11.040231 4.665876 3.415366
10.398904 4.597373 3.811853
10.948585 4.557804 3.640169
11.072802 4.638690 3.592405
10.759880 4.482720 3.431980
10.573736 4.552217 3.747117
11.208167 4.548036 3.564314
11.182475 4.528180 3.552393
10.656106 4.571450 3.619491
10.945386 4.570181 3.623978
10.615926 4.559653 3.685309
10.952313 4.516176 3.656650
11.151412 4.550906 3.443606
10.718121 4.544260 3.640622
11.212704 4.531950 3.668420
10.986444 4.611280 3.052291
10.308497 4.599494 3.908567
10.315404 4.597690 3.880059
10.914095 4.521466 3.489130
11.034725 4.668194 3.557003
10.953613 4.518787 3.425243
10.946860 4.593933 3.206703
11.062766 4.495058 3.635110
11.102163 4.520542 3.472464
10.949946 4.525152 3.554179
11.008649 4.497808 3.521899
10.996772 4.660231 3.207107
11.322656 4.550250 3.570742
11.200649 4.553996 3.476701
10.909817 4.461810 3.541417
10.981079 4.661523 3.390918
10.801167 4.525265 3.640390
10.975404 4.520566 3.839288
10.950961 4.552213 3.810659
11.012215 4.657866 3.157844
10.999972 4.479949 3.605392
11.082396 4.620228 3.737084
11.078548 4.569972 3.137883
10.961426 4.534161 3.322153
10.578833 4.578030 3.644645
10.361949 4.601235 3.836407
11.090352 4.540338 3.472665
10.828678 4.531132 3.562628
10.689139 4.549543 3.652633
10.969790 4.531169 3.898772
10.743739 4.521779 3.587016
10.951781 4.552628 3.242316
11.031908 4.607013 3.036257
10.799967 4.535072 3.570856
10.953767 4.546384 3.338640
11.262660 4.499932 3.501538
10.501216 4.574686 3.746642
10.740043 4.561148 3.593202
10.964024 4.646471 3.550461
10.844732 4.529687 3.546152
10.840768 4.534746 3.624230
10.767214 4.497216 3.515158
10.968716 4.481171 3.640809
10.824483 4.529744 3.591327
10.996486 4.509827 3.202477
10.761322 4.517690 3.416690
11.084157 4.565337 3.451990
10.983563 4.565689 3.009775
11.065128 4.639104 3.212158
11.304504 4.478238 3.501401
10.945313 4.570385 3.754489
10.554421 4.497808 3.587222
11.057807 4.655491 3.736815
10.765213 4.536413 3.650588
11.012466 4.494069 3.656493
10.885168 4.551015 3.435596
10.541035 4.524798 3.683372
11.084422 4.524201 3.409221
11.000219 4.480102 3.653513
10.524245 4.521166 3.575106
11.261456 4.541613 3.546150
10.708437 4.561676 3.635226
10.971777 4.654303 3.443872
11.148444 4.520558 3.566682
11.031137 4.476431 3.649451
10.997111 4.668592 3.538275
10.430972 4.590769 3.815668
10.725929 4.495861 3.429037
10.744353 4.557000 3.613865
10.628109 4.544622 3.769272
11.229069 4.555711 3.525735
11.012167 4.633570 3.071881
10.952898 4.629733 3.677029
10.987319 4.465992 3.650784
11.098324 4.546135 3.398871
10.977910 4.518794 3.294112
11.072542 4.638684 3.326755
10.901311 4.545184 3.476341
10.525158 4.578892 3.770752
10.878449 4.503195 3.631896
10.863257 4.522736 3.572809
10.948755 4.577871 3.922336
10.635403 4.542082 3.722233
11.092820 4.544388 3.423258
11.052359 4.471906 3.682435
10.949006 4.621312 3.468470
10.983206 4.479964 3.669444
10.541061 4.569386 3.815295
10.765286 4.544531 3.527950
10.584779 4.524723 3.644017
11.118617 4.543363 3.484779
11.083494 4.561646 3.771174
11.008257 4.508487 3.145493
11.069653 4.507787 3.768433
10.801295 4.532067 3.690806
10.782714 4.550805 3.603059
10.558090 4.565767 3.787163
11.020188 4.670641 3.378449
10.952432 4.520026 3.697489
11.020686 4.493032 3.082184
10.878711 4.539649 3.547719
11.061873 4.651213 3.458734
11.165184 4.544351 3.531455
11.067540 4.645508 3.570539
10.703030 4.532991 3.689221
10.975427 4.521083 3.246181
10.623432 4.552637 3.737414
10.295981 4.601204 3.883889
10.844631 4.547406 3.542371
10.987955 4.512693 3.823209
11.028387 4.493708 3.591238
10.431711 4.583609 3.763150
10.964411 4.537150 3.136114
10.943383 4.593901 3.758910
11.053145 4.654768 3.257303
11.080543 4.528334 3.550668
10.973778 4.652456 3.280271
11.273325 4.556316 3.596909
11.122733 4.540415 3.504708
10.957047 4.637340 3.366116
10.851340 4.532291 3.487328
10.973684 4.515109 3.347529
10.727510 4.548638 3.695146
11.079689 4.557841 3.211002
11.006380 4.507360 3.822744
11.012208 4.671106 3.718179
11.054564 4.523029 3.141285
10.333374 4.604803 3.832386
11.263589 4.492737 3.444094
10.375964 4.592109 3.785111
11.016319 4.671265 3.358159
10.570842 4.556038 3.604744
10.958461 4.551226 3.927699
10.943770 4.601686 3.521405
10.955728 4.630750 3.268007
11.087248 4.597737 3.754674
10.955175 4.511638 3.749087
11.026437 4.507575 3.292856
10.693669 4.551611 3.595221
10.798153 4.549314 3.594155
10.536211 4.502499 3.600807
10.962745 4.495819 3.574357
10.997415 4.668569 3.607871
11.008060 4.500871 3.750372
10.517042 4.571614 3.822882
10.756311 4.561131 3.530976
11.052850 4.515108 3.337980
10.905174 4.513499 3.668531
11.012129 4.670887 3.521675
11.068644 4.500171 3.713697
10.726381 4.550699 3.538196
11.010222 4.503435 3.775883
10.946064 4.571225 3.269599
10.944552 4.573761 3.807836
10.426248 4.593975 3.794634
11.009094 4.502299 3.460514
10.839557 4.525122 3.684672
10.911332 4.479902 3.569180
11.133437 4.546457 3.409230
11.048592 4.662246 3.379587
11.050119 4.592085 3.036416
11.040021 4.665751 3.484673
10.999864 4.493900 3.615735
11.077238 4.545901 3.629273
